Home Position : 
    position: 
      x: 0.213027727979
      y: 0.0899059407984
      z: 0.0
    orientation: 
      x: 0.0
      y: 0.0
      z: 0.14945451087
      w: 0.988768602445

Goal Position: 
    position: 
      x: -2.06490022055
      y: 0.0772783683646
      z: 0.0
    orientation: 
      x: 0.0
      y: 0.0
      z: -0.990813992738
      w: 0.135231770655
