image: loop_world_map.pgm
resolution: 0.050000
origin: [-15.578232, -8.567218, 0.000000]
negate: 0
occupied_thresh: 0.65
free_thresh: 0.196

