image: world_map.pgm
resolution: 0.050000
origin: [-7.426178, -13.337163, 0.000000]
negate: 0
occupied_thresh: 0.65
free_thresh: 0.196

